255 255 255 255 255 255 255 255 255 255 255 255 255 255 255 255
255  86  47  47  47  60 125  86 255 112  73  47  47  47  73 255
255  47 219 159 207  15 195 107 231  79  31 213 159 213  31 255
255  47 159   0 127  15  95 252  71 244  31 143   0 143  31 255
255  47 207 127 191  15 175 127 223 255  31 199 127 199  31 255
255  60  15  15  15  30 105 194 191  90  45  15  15  15  45 255
255 125  95  95 255 105 155 129 191 205 235 185  95 185 115 255
255  47 159  44   0 194 159  38 243  64 207 111   0 228  31 255
255 203 111 251  95 179  39   0 191   0 167 111   0 111 199 255
255 112  79  79 167  90  95 175 103 230 245 133 175 210 255 255
255  73  31  31  31  45 235 223 247 175  27  13   0 237 255 255
255  47 213 143 199  15 255  47  63 111  13 111 111 143 255 255
255  47 159   0 127  15  95 207 191 175 223 111 255   0 255 255
255  47 213 143 199  15  95  47  63 121 115 174 143 206 129 255
255  73  31  31  31  45 115 213  31 101 255  31 255 157 255 255
255 255 255 255 255 255 255 255 255 255 255 255 255 255 255 255
255 255 255 255 255 255 255 255 255 255 255 255 255 255 255 255
255  86  47  47  47  60 125  86 255 112  73  47  47  47  73 255
255  47 219 159 207  15 195 107 231  79  31 213 159 213  31 255
255  47 159   0 127  15  95 252  71 244  31 143   0 143  31 255
255  47 207 127 191  15 175 127 223 255  31 199 127 199  31 255
255  60  15  15  15  30 105 194 191  90  45  15  15  15  45 255
255 125  95  95 255 105 155 129 191 205 235 185  95 185 115 255
255  47 159  44   0 194 159  38 243  64 207 111   0 228  31 255
255 203 111 251  95 179  39   0 191   0 167 111   0 111 199 255
255 112  79  79 167  90  95 175 103 230 245 133 175 210 255 255
255  73  31  31  31  45 235 223 247 175  27  13   0 237 255 255
255  47 213 143 199  15 255  47  63 111  13 111 111 143 255 255
255  47 159   0 127  15  95 207 191 175 223 111 255   0 255 255
255  47 213 143 199  15  95  47  63 121 115 174 143 206 129 255
255  73  31  31  31  45 115 213  31 101 255  31 255 157 255 255
255 255 255 255 255 255 255 255 255 255 255 255 255 255 255 255
255 255 255 255 255 255 255 255 255 255 255 255 255 255 255 255
255  86  47  47  47  60 125  86 255 112  73  47  47  47  73 255
255  47 219 159 207  15 195 107 231  79  31 213 159 213  31 255
255  47 159   0 127  15  95 252  71 244  31 143   0 143  31 255
255  47 207 127 191  15 175 127 223 255  31 199 127 199  31 255
255  60  15  15  15  30 105 194 191  90  45  15  15  15  45 255
255 125  95  95 255 105 155 129 191 205 235 185  95 185 115 255
255  47 159  44   0 194 159  38 243  64 207 111   0 228  31 255
255 203 111 251  95 179  39   0 191   0 167 111   0 111 199 255
255 112  79  79 167  90  95 175 103 230 245 133 175 210 255 255
255  73  31  31  31  45 235 223 247 175  27  13   0 237 255 255
255  47 213 143 199  15 255  47  63 111  13 111 111 143 255 255
255  47 159   0 127  15  95 207 191 175 223 111 255   0 255 255
255  47 213 143 199  15  95  47  63 121 115 174 143 206 129 255
255  73  31  31  31  45 115 213  31 101 255  31 255 157 255 255
255 255 255 255 255 255 255 255 255 255 255 255 255 255 255 255

255 255 255 255 255 255 255 255 255 255 255 255 255 255 255 255
255  73  40  40  40  60 114  40 208 255 255 255 255 127 255 255
255  40 213 151 206  24 187 222 104 203 241 151   5 213 168 255
255  40 151   0 135  24  88   8   8 170   8 116 239 151 248 255
255  40 206 135 199  24 177 120 120 130  11 120 124 175  40 255
255  60  24  24  24  46 239 199 181 247  22  11 231 108 255 255
255 114  88 250 255 103 197  68   0 225 167 120 167 120 114 255
255 255 232  60 229 199 199 243 199 105 250  56 195  56  40 255
255  87 114 253 135 181 131  44   0 167 231  56 195  56 208 255
255 114 187  88 177 103 145 167  37  88 239 255  88  88 114 255
255  60  24  24  24  46 103 181 181 103  46  24  24  24  60 255
255  40 206 135 199  24 255   0 106 166  24 199 135 206  40 255
255  40 151   0 135  24  88  54 253  88  24 135   0 151  40 255
255  40 213 151 206  24  88 151 114  88  24 206 151 213  40 255
255  73  40  40  40  60 114  40 208 114  60  40  40  40  73 255
255 255 255 255 255 255 255 255 255 255 255 255 255 255 255 255
255 255 255 255 255 255 255 255 255 255 255 255 255 255 255 255
255  73  40  40  40  60 114  40 208 255 255 255 255 127 255 255
255  40 213 151 206  24 187 222 104 203 241 151   5 213 168 255
255  40 151   0 135  24  88   8   8 170   8 116 239 151 248 255
255  40 206 135 199  24 177 120 120 130  11 120 124 175  40 255
255  60  24  24  24  46 239 199 181 247  22  11 231 108 255 255
255 114  88 250 255 103 197  68   0 225 167 120 167 120 114 255
255 255 232  60 229 199 199 243 199 105 250  56 195  56  40 255
255  87 114 253 135 181 131  44   0 167 231  56 195  56 208 255
255 114 187  88 177 103 145 167  37  88 239 255  88  88 114 255
255  60  24  24  24  46 103 181 181 103  46  24  24  24  60 255
255  40 206 135 199  24 255   0 106 166  24 199 135 206  40 255
255  40 151   0 135  24  88  54 253  88  24 135   0 151  40 255
255  40 213 151 206  24  88 151 114  88  24 206 151 213  40 255
255  73  40  40  40  60 114  40 208 114  60  40  40  40  73 255
255 255 255 255 255 255 255 255 255 255 255 255 255 255 255 255
255 255 255 255 255 255 255 255 255 255 255 255 255 255 255 255
255  73  40  40  40  60 114  40 208 255 255 255 255 127 255 255
255  40 213 151 206  24 187 222 104 203 241 151   5 213 168 255
255  40 151   0 135  24  88   8   8 170   8 116 239 151 248 255
255  40 206 135 199  24 177 120 120 130  11 120 124 175  40 255
255  60  24  24  24  46 239 199 181 247  22  11 231 108 255 255
255 114  88 250 255 103 197  68   0 225 167 120 167 120 114 255
255 255 232  60 229 199 199 243 199 105 250  56 195  56  40 255
255  87 114 253 135 181 131  44   0 167 231  56 195  56 208 255
255 114 187  88 177 103 145 167  37  88 239 255  88  88 114 255
255  60  24  24  24  46 103 181 181 103  46  24  24  24  60 255
255  40 206 135 199  24 255   0 106 166  24 199 135 206  40 255
255  40 151   0 135  24  88  54 253  88  24 135   0 151  40 255
255  40 213 151 206  24  88 151 114  88  24 206 151 213  40 255
255  73  40  40  40  60 114  40 208 114  60  40  40  40  73 255
255 255 255 255 255 255 255 255 255 255 255 255 255 255 255 255

255 255 255 255 255 255 255 255 255 255 255 255 255 255 255 255
255 255 168 248  40 255 114  40 208 114  60  40  40  40  73 255
255 127 213 151 175 108 120  56  56  88  24 206 151 213  40 255
255 255   5 239 124 231 167 195 195  88  24 135   0 151  40 255
255 255 151 116 120  11 120  56  56 255  24 199 135 206  40 255
255 255 241   8  11  22 167 250 231 239  46  24  24  24  60 255
255 255 203 170 130 247 225 105 167  88 103 166  88  88 114 255
255 208 104   8 120 181   0 199   0  37 181 106 253 114 208 255
255  40 222   8 120 199  68 243  44 167 181   0  54 151  40 255
255 114 187  88 177 239 197 199 131 145 103 255  88  88 114 255
255  60  24  24  24  46 103 199 181 103  46  24  24  24  60 255
255  40 206 135 199  24 255 229 135 177  24 199 135 206  40 255
255  40 151   0 135  24 250  60 253  88  24 135   0 151  40 255
255  40 213 151 206  24  88 232 114 187  24 206 151 213  40 255
255  73  40  40  40  60 114 255  87 114  60  40  40  40  73 255
255 255 255 255 255 255 255 255 255 255 255 255 255 255 255 255
255 255 255 255 255 255 255 255 255 255 255 255 255 255 255 255
255 255 168 248  40 255 114  40 208 114  60  40  40  40  73 255
255 127 213 151 175 108 120  56  56  88  24 206 151 213  40 255
255 255   5 239 124 231 167 195 195  88  24 135   0 151  40 255
255 255 151 116 120  11 120  56  56 255  24 199 135 206  40 255
255 255 241   8  11  22 167 250 231 239  46  24  24  24  60 255
255 255 203 170 130 247 225 105 167  88 103 166  88  88 114 255
255 208 104   8 120 181   0 199   0  37 181 106 253 114 208 255
255  40 222   8 120 199  68 243  44 167 181   0  54 151  40 255
255 114 187  88 177 239 197 199 131 145 103 255  88  88 114 255
255  60  24  24  24  46 103 199 181 103  46  24  24  24  60 255
255  40 206 135 199  24 255 229 135 177  24 199 135 206  40 255
255  40 151   0 135  24 250  60 253  88  24 135   0 151  40 255
255  40 213 151 206  24  88 232 114 187  24 206 151 213  40 255
255  73  40  40  40  60 114 255  87 114  60  40  40  40  73 255
255 255 255 255 255 255 255 255 255 255 255 255 255 255 255 255
255 255 255 255 255 255 255 255 255 255 255 255 255 255 255 255
255 255 168 248  40 255 114  40 208 114  60  40  40  40  73 255
255 127 213 151 175 108 120  56  56  88  24 206 151 213  40 255
255 255   5 239 124 231 167 195 195  88  24 135   0 151  40 255
255 255 151 116 120  11 120  56  56 255  24 199 135 206  40 255
255 255 241   8  11  22 167 250 231 239  46  24  24  24  60 255
255 255 203 170 130 247 225 105 167  88 103 166  88  88 114 255
255 208 104   8 120 181   0 199   0  37 181 106 253 114 208 255
255  40 222   8 120 199  68 243  44 167 181   0  54 151  40 255
255 114 187  88 177 239 197 199 131 145 103 255  88  88 114 255
255  60  24  24  24  46 103 199 181 103  46  24  24  24  60 255
255  40 206 135 199  24 255 229 135 177  24 199 135 206  40 255
255  40 151   0 135  24 250  60 253  88  24 135   0 151  40 255
255  40 213 151 206  24  88 232 114 187  24 206 151 213  40 255
255  73  40  40  40  60 114 255  87 114  60  40  40  40  73 255
255 255 255 255 255 255 255 255 255 255 255 255 255 255 255 255

255 255 255 255 255 255 255 255 255 255 255 255 255 255 255 255
255  73  40  40  40  60 114 208  40 114  60  40  40  40  73 255
255  40 213 151 206  24  88 114 151  88  24 206 151 213  40 255
255  40 151   0 135  24  88 253  54  88  24 135   0 151  40 255
255  40 206 135 199  24 166 106   0 255  24 199 135 206  40 255
255  60  24  24  24  46 103 181 181 103  46  24  24  24  60 255
255 114  88  88 255 239  88  37 167 145 103 177  88 187 114 255
255 208  56 195  56 231 167   0  44 131 181 135 253 114  87 255
255  40  56 195  56 250 105 199 243 199 199 229  60 232 255 255
255 114 120 167 120 167 225   0  68 197 103 255 250  88 114 255
255 255 108 231  11  22 247 181 199 239  46  24  24  24  60 255
255  40 175 124 120  11 130 120 120 177  24 199 135 206  40 255
255 248 151 239 116   8 170   8   8  88  24 135   0 151  40 255
255 168 213   5 151 241 203 104 222 187  24 206 151 213  40 255
255 255 127 255 255 255 255 208  40 114  60  40  40  40  73 255
255 255 255 255 255 255 255 255 255 255 255 255 255 255 255 255
255 255 255 255 255 255 255 255 255 255 255 255 255 255 255 255
255  73  40  40  40  60 114 208  40 114  60  40  40  40  73 255
255  40 213 151 206  24  88 114 151  88  24 206 151 213  40 255
255  40 151   0 135  24  88 253  54  88  24 135   0 151  40 255
255  40 206 135 199  24 166 106   0 255  24 199 135 206  40 255
255  60  24  24  24  46 103 181 181 103  46  24  24  24  60 255
255 114  88  88 255 239  88  37 167 145 103 177  88 187 114 255
255 208  56 195  56 231 167   0  44 131 181 135 253 114  87 255
255  40  56 195  56 250 105 199 243 199 199 229  60 232 255 255
255 114 120 167 120 167 225   0  68 197 103 255 250  88 114 255
255 255 108 231  11  22 247 181 199 239  46  24  24  24  60 255
255  40 175 124 120  11 130 120 120 177  24 199 135 206  40 255
255 248 151 239 116   8 170   8   8  88  24 135   0 151  40 255
255 168 213   5 151 241 203 104 222 187  24 206 151 213  40 255
255 255 127 255 255 255 255 208  40 114  60  40  40  40  73 255
255 255 255 255 255 255 255 255 255 255 255 255 255 255 255 255
255 255 255 255 255 255 255 255 255 255 255 255 255 255 255 255
255  73  40  40  40  60 114 208  40 114  60  40  40  40  73 255
255  40 213 151 206  24  88 114 151  88  24 206 151 213  40 255
255  40 151   0 135  24  88 253  54  88  24 135   0 151  40 255
255  40 206 135 199  24 166 106   0 255  24 199 135 206  40 255
255  60  24  24  24  46 103 181 181 103  46  24  24  24  60 255
255 114  88  88 255 239  88  37 167 145 103 177  88 187 114 255
255 208  56 195  56 231 167   0  44 131 181 135 253 114  87 255
255  40  56 195  56 250 105 199 243 199 199 229  60 232 255 255
255 114 120 167 120 167 225   0  68 197 103 255 250  88 114 255
255 255 108 231  11  22 247 181 199 239  46  24  24  24  60 255
255  40 175 124 120  11 130 120 120 177  24 199 135 206  40 255
255 248 151 239 116   8 170   8   8  88  24 135   0 151  40 255
255 168 213   5 151 241 203 104 222 187  24 206 151 213  40 255
255 255 127 255 255 255 255 208  40 114  60  40  40  40  73 255
255 255 255 255 255 255 255 255 255 255 255 255 255 255 255 255
