255 255 255 255 255 255 255 255 255 255 255 255 255 255 255 255
255   0   0   0   0   0   0   0   0   0   0   0   0   0   0 255
255   0 255 255 255   0 255   0   0 255   0 255 255 255   0 255
255   0 255   0 191   0 255   0   0 255   0 191   0 255   0 255
255   0 255 191 239   0 255 255  64   0   0 239 191 255   0 255
255   0   0   0   0   0   0 255 255   0   0   0   0   0   0 255
255   0   0   0 191   0 255   0 255   0   0 255 255 255   0 255
255   0   0 255 191 255 255   0 255   0   0 191   0 255 255 255
255 255   0   0   0 255 255   0   0 255 255  64 255 255 255 255
255   0 255   0   0   0   0   0 255 255   0 255   0   0   0 255
255   0   0   0   0   0 255   0 255   0   0 191   0 255 255 255
255   0 255 191 239   0 191 255   0   0 191 207  64 255  64 255
255   0 255   0 191   0   0   0   0   0 255  64   0 255 255 255
255   0 255 255 255   0   0 255 255 255   0  64   0   0   0 255
255   0   0   0   0   0   0   0   0 255 255 191 255 255 255 255
255 255 255 255 255 255 255 255 255 255 255 255 255 255 255 255
255 255 255 255 255 255 255 255 255 255 255 255 255 255 255 255
255   0   0   0   0   0   0   0   0   0   0   0   0   0   0 255
255   0 255 255 255   0 255   0   0 255   0 255 255 255   0 255
255   0 255   0 191   0 255   0   0 255   0 191   0 255   0 255
255   0 255 191 239   0 255 255  64   0   0 239 191 255   0 255
255   0   0   0   0   0   0 255 255   0   0   0   0   0   0 255
255   0   0   0 191   0 255   0 255   0   0 255 255 255   0 255
255   0   0 255 191 255 255   0 255   0   0 191   0 255 255 255
255 255   0   0   0 255 255   0   0 255 255  64 255 255 255 255
255   0 255   0   0   0   0   0 255 255   0 255   0   0   0 255
255   0   0   0   0   0 255   0 255   0   0 191   0 255 255 255
255   0 255 191 239   0 191 255   0   0 191 207  64 255  64 255
255   0 255   0 191   0   0   0   0   0 255  64   0 255 255 255
255   0 255 255 255   0   0 255 255 255   0  64   0   0   0 255
255   0   0   0   0   0   0   0   0 255 255 191 255 255 255 255
255 255 255 255 255 255 255 255 255 255 255 255 255 255 255 255
255 255 255 255 255 255 255 255 255 255 255 255 255 255 255 255
255   0   0   0   0   0   0   0   0   0   0   0   0   0   0 255
255   0 255 255 255   0 255   0   0 255   0 255 255 255   0 255
255   0 255   0 191   0 255   0   0 255   0 191   0 255   0 255
255   0 255 191 239   0 255 255  64   0   0 239 191 255   0 255
255   0   0   0   0   0   0 255 255   0   0   0   0   0   0 255
255   0   0   0 191   0 255   0 255   0   0 255 255 255   0 255
255   0   0 255 191 255 255   0 255   0   0 191   0 255 255 255
255 255   0   0   0 255 255   0   0 255 255  64 255 255 255 255
255   0 255   0   0   0   0   0 255 255   0 255   0   0   0 255
255   0   0   0   0   0 255   0 255   0   0 191   0 255 255 255
255   0 255 191 239   0 191 255   0   0 191 207  64 255  64 255
255   0 255   0 191   0   0   0   0   0 255  64   0 255 255 255
255   0 255 255 255   0   0 255 255 255   0  64   0   0   0 255
255   0   0   0   0   0   0   0   0 255 255 191 255 255 255 255
255 255 255 255 255 255 255 255 255 255 255 255 255 255 255 255

255 255 255 255 255 255 255 255 255 255 255 255 255 255 255 255
255  73  40  40  40  60 114 208 208 114 255 141 248  40 255 255
255  40 213 151 206  24 255 199 118 120 151 200 247   0 255 255
255  40 151   0 135  24 255   6 193  90  23 120  15 100 255 255
255  40 206 135 199  24 255 162 149 208 134 191 120 126 154 255
255  60  24  24  24  46 103   0 199  88  24 134 248  10 255 255
255 114 255 255  88  88  88  37 236 140   8  41  93 203 255 255
255  40 114   6 123 181 131 199  87 150 186   0   6 232  87 255
255  40  33   0 229 181   0  44  87  88  24 199   0 151  87 255
255 114 255 255 255  88 197 167 167  30 239 177  93 156 114 255
255  60  24  24  24  46 103 181 181  88  46  24  24  24  60 255
255  40 206 135 199  24 177 162  56  88  24 199 135 206  40 255
255  40 151   0 135  24  93 193   6  88  24 135   0 151  40 255
255  40 213 151 206  24 156  33 114 187  24 206 151 213  40 255
255  73  40  40  40  60 114  87 255 114  60  40  40  40  73 255
255 255 255 255 255 255 255 255 255 255 255 255 255 255 255 255
255 255 255 255 255 255 255 255 255 255 255 255 255 255 255 255
255  73  40  40  40  60 114 208 208 114 255 141 248  40 255 255
255  40 213 151 206  24 255 199 118 120 151 200 247   0 255 255
255  40 151   0 135  24 255   6 193  90  23 120  15 100 255 255
255  40 206 135 199  24 255 162 149 208 134 191 120 126 154 255
255  60  24  24  24  46 103   0 199  88  24 134 248  10 255 255
255 114 255 255  88  88  88  37 236 140   8  41  93 203 255 255
255  40 114   6 123 181 131 199  87 150 186   0   6 232  87 255
255  40  33   0 229 181   0  44  87  88  24 199   0 151  87 255
255 114 255 255 255  88 197 167 167  30 239 177  93 156 114 255
255  60  24  24  24  46 103 181 181  88  46  24  24  24  60 255
255  40 206 135 199  24 177 162  56  88  24 199 135 206  40 255
255  40 151   0 135  24  93 193   6  88  24 135   0 151  40 255
255  40 213 151 206  24 156  33 114 187  24 206 151 213  40 255
255  73  40  40  40  60 114  87 255 114  60  40  40  40  73 255
255 255 255 255 255 255 255 255 255 255 255 255 255 255 255 255
255 255 255 255 255 255 255 255 255 255 255 255 255 255 255 255
255  73  40  40  40  60 114 208 208 114 255 141 248  40 255 255
255  40 213 151 206  24 255 199 118 120 151 200 247   0 255 255
255  40 151   0 135  24 255   6 193  90  23 120  15 100 255 255
255  40 206 135 199  24 255 162 149 208 134 191 120 126 154 255
255  60  24  24  24  46 103   0 199  88  24 134 248  10 255 255
255 114 255 255  88  88  88  37 236 140   8  41  93 203 255 255
255  40 114   6 123 181 131 199  87 150 186   0   6 232  87 255
255  40  33   0 229 181   0  44  87  88  24 199   0 151  87 255
255 114 255 255 255  88 197 167 167  30 239 177  93 156 114 255
255  60  24  24  24  46 103 181 181  88  46  24  24  24  60 255
255  40 206 135 199  24 177 162  56  88  24 199 135 206  40 255
255  40 151   0 135  24  93 193   6  88  24 135   0 151  40 255
255  40 213 151 206  24 156  33 114 187  24 206 151 213  40 255
255  73  40  40  40  60 114  87 255 114  60  40  40  40  73 255
255 255 255 255 255 255 255 255 255 255 255 255 255 255 255 255

255 255 255 255 255 255 255 255 255 255 255 255 255 255 255 255
255 255 255 255 154 255 255  87  87 114  60  40  40  40  73 255
255  40   0 100 126  10 203 232 151 156  24 206 151 213  40 255
255 248 247  15 120 248  93   6   0  93  24 135   0 151  40 255
255 141 200 120 191 134  41   0 199 177  24 199 135 206  40 255
255 255 151  23 134  24   8 186  24 239  46  24  24  24  60 255
255 114 120  90 208  88 140 150  88  30  88  88  88 187 114 255
255 208 118 193 149 199 236  87  87 167 181  56   6 114 255 255
255 208 199   6 162   0  37 199  44 167 181 162 193  33  87 255
255 114 255 255 255 103  88 131   0 197 103 177  93 156 114 255
255  60  24  24  24  46  88 181 181  88  46  24  24  24  60 255
255  40 206 135 199  24  88 123 229 255  24 199 135 206  40 255
255  40 151   0 135  24 255   6   0 255  24 135   0 151  40 255
255  40 213 151 206  24 255 114  33 255  24 206 151 213  40 255
255  73  40  40  40  60 114  40  40 114  60  40  40  40  73 255
255 255 255 255 255 255 255 255 255 255 255 255 255 255 255 255
255 255 255 255 255 255 255 255 255 255 255 255 255 255 255 255
255 255 255 255 154 255 255  87  87 114  60  40  40  40  73 255
255  40   0 100 126  10 203 232 151 156  24 206 151 213  40 255
255 248 247  15 120 248  93   6   0  93  24 135   0 151  40 255
255 141 200 120 191 134  41   0 199 177  24 199 135 206  40 255
255 255 151  23 134  24   8 186  24 239  46  24  24  24  60 255
255 114 120  90 208  88 140 150  88  30  88  88  88 187 114 255
255 208 118 193 149 199 236  87  87 167 181  56   6 114 255 255
255 208 199   6 162   0  37 199  44 167 181 162 193  33  87 255
255 114 255 255 255 103  88 131   0 197 103 177  93 156 114 255
255  60  24  24  24  46  88 181 181  88  46  24  24  24  60 255
255  40 206 135 199  24  88 123 229 255  24 199 135 206  40 255
255  40 151   0 135  24 255   6   0 255  24 135   0 151  40 255
255  40 213 151 206  24 255 114  33 255  24 206 151 213  40 255
255  73  40  40  40  60 114  40  40 114  60  40  40  40  73 255
255 255 255 255 255 255 255 255 255 255 255 255 255 255 255 255
255 255 255 255 255 255 255 255 255 255 255 255 255 255 255 255
255 255 255 255 154 255 255  87  87 114  60  40  40  40  73 255
255  40   0 100 126  10 203 232 151 156  24 206 151 213  40 255
255 248 247  15 120 248  93   6   0  93  24 135   0 151  40 255
255 141 200 120 191 134  41   0 199 177  24 199 135 206  40 255
255 255 151  23 134  24   8 186  24 239  46  24  24  24  60 255
255 114 120  90 208  88 140 150  88  30  88  88  88 187 114 255
255 208 118 193 149 199 236  87  87 167 181  56   6 114 255 255
255 208 199   6 162   0  37 199  44 167 181 162 193  33  87 255
255 114 255 255 255 103  88 131   0 197 103 177  93 156 114 255
255  60  24  24  24  46  88 181 181  88  46  24  24  24  60 255
255  40 206 135 199  24  88 123 229 255  24 199 135 206  40 255
255  40 151   0 135  24 255   6   0 255  24 135   0 151  40 255
255  40 213 151 206  24 255 114  33 255  24 206 151 213  40 255
255  73  40  40  40  60 114  40  40 114  60  40  40  40  73 255
255 255 255 255 255 255 255 255 255 255 255 255 255 255 255 255

255 255 255 255 255 255 255 255 255 255 255 255 255 255 255 255
255  73  40  40  40  60 114 255  87 114  60  40  40  40  73 255
255  40 213 151 206  24 187 114  33 156  24 206 151 213  40 255
255  40 151   0 135  24  88   6 193  93  24 135   0 151  40 255
255  40 206 135 199  24  88  56 162 177  24 199 135 206  40 255
255  60  24  24  24  46  88 181 181 103  46  24  24  24  60 255
255 114 156  93 177 239  30 167 167 197  88 255 255 255 114 255
255  87 151   0 199  24  88  87  44   0 181 229   0  33  40 255
255  87 232   6   0 186 150  87 199 131 181 123   6 114  40 255
255 255 203  93  41   8 140 236  37  88  88  88 255 255 114 255
255 255  10 248 134  24  88 199   0 103  46  24  24  24  60 255
255 154 126 120 191 134 208 149 162 255  24 199 135 206  40 255
255 255 100  15 120  23  90 193   6 255  24 135   0 151  40 255
255 255   0 247 200 151 120 118 199 255  24 206 151 213  40 255
255 255  40 248 141 255 114 208 208 114  60  40  40  40  73 255
255 255 255 255 255 255 255 255 255 255 255 255 255 255 255 255
255 255 255 255 255 255 255 255 255 255 255 255 255 255 255 255
255  73  40  40  40  60 114 255  87 114  60  40  40  40  73 255
255  40 213 151 206  24 187 114  33 156  24 206 151 213  40 255
255  40 151   0 135  24  88   6 193  93  24 135   0 151  40 255
255  40 206 135 199  24  88  56 162 177  24 199 135 206  40 255
255  60  24  24  24  46  88 181 181 103  46  24  24  24  60 255
255 114 156  93 177 239  30 167 167 197  88 255 255 255 114 255
255  87 151   0 199  24  88  87  44   0 181 229   0  33  40 255
255  87 232   6   0 186 150  87 199 131 181 123   6 114  40 255
255 255 203  93  41   8 140 236  37  88  88  88 255 255 114 255
255 255  10 248 134  24  88 199   0 103  46  24  24  24  60 255
255 154 126 120 191 134 208 149 162 255  24 199 135 206  40 255
255 255 100  15 120  23  90 193   6 255  24 135   0 151  40 255
255 255   0 247 200 151 120 118 199 255  24 206 151 213  40 255
255 255  40 248 141 255 114 208 208 114  60  40  40  40  73 255
255 255 255 255 255 255 255 255 255 255 255 255 255 255 255 255
255 255 255 255 255 255 255 255 255 255 255 255 255 255 255 255
255  73  40  40  40  60 114 255  87 114  60  40  40  40  73 255
255  40 213 151 206  24 187 114  33 156  24 206 151 213  40 255
255  40 151   0 135  24  88   6 193  93  24 135   0 151  40 255
255  40 206 135 199  24  88  56 162 177  24 199 135 206  40 255
255  60  24  24  24  46  88 181 181 103  46  24  24  24  60 255
255 114 156  93 177 239  30 167 167 197  88 255 255 255 114 255
255  87 151   0 199  24  88  87  44   0 181 229   0  33  40 255
255  87 232   6   0 186 150  87 199 131 181 123   6 114  40 255
255 255 203  93  41   8 140 236  37  88  88  88 255 255 114 255
255 255  10 248 134  24  88 199   0 103  46  24  24  24  60 255
255 154 126 120 191 134 208 149 162 255  24 199 135 206  40 255
255 255 100  15 120  23  90 193   6 255  24 135   0 151  40 255
255 255   0 247 200 151 120 118 199 255  24 206 151 213  40 255
255 255  40 248 141 255 114 208 208 114  60  40  40  40  73 255
255 255 255 255 255 255 255 255 255 255 255 255 255 255 255 255
