255 255 255 255 255 255 255 255 255 255 255 255 255 255 255 255
255   0   0   0   0   0   0   0 255   0   0   0   0   0   0 255
255   0 255 255 255   0 255   0 255   0   0 255 255 255   0 255
255   0 255   0 191   0   0 255   0 255   0 191   0 255   0 255
255   0 255 191 239   0 191 191 255 255   0 239 191 255   0 255
255   0   0   0   0   0   0 255 255   0   0   0   0   0   0 255
255   0   0   0 255   0   0 255 255 255 255 191   0 255   0 255
255 255   0 255 191 255   0 255 255   0 255  64   0 255   0 255
255 255 255 255   0 255 255   0 255   0 255  64   0   0 255 255
255   0 255 255 191   0 255   0   0 255 255 191 255 255 255 255
255   0   0   0   0   0 255   0 255 255   0   0   0 255 255 255
255   0 255 191 239   0 255  64   0  64   0  64  64 255 255 255
255   0 255   0 191   0   0   0 255 255 255  64 255   0 255 255
255   0 255 255 255   0   0 255   0   0   0  64 255 255   0 255
255   0   0   0   0   0   0   0   0   0 255   0 255 255 255 255
255 255 255 255 255 255 255 255 255 255 255 255 255 255 255 255
255 255 255 255 255 255 255 255 255 255 255 255 255 255 255 255
255   0   0   0   0   0   0   0 255   0   0   0   0   0   0 255
255   0 255 255 255   0 255   0 255   0   0 255 255 255   0 255
255   0 255   0 191   0   0 255   0 255   0 191   0 255   0 255
255   0 255 191 239   0 191 191 255 255   0 239 191 255   0 255
255   0   0   0   0   0   0 255 255   0   0   0   0   0   0 255
255   0   0   0 255   0   0 255 255 255 255 191   0 255   0 255
255 255   0 255 191 255   0 255 255   0 255  64   0 255   0 255
255 255 255 255   0 255 255   0 255   0 255  64   0   0 255 255
255   0 255 255 191   0 255   0   0 255 255 191 255 255 255 255
255   0   0   0   0   0 255   0 255 255   0   0   0 255 255 255
255   0 255 191 239   0 255  64   0  64   0  64  64 255 255 255
255   0 255   0 191   0   0   0 255 255 255  64 255   0 255 255
255   0 255 255 255   0   0 255   0   0   0  64 255 255   0 255
255   0   0   0   0   0   0   0   0   0 255   0 255 255 255 255
255 255 255 255 255 255 255 255 255 255 255 255 255 255 255 255
255 255 255 255 255 255 255 255 255 255 255 255 255 255 255 255
255   0   0   0   0   0   0   0 255   0   0   0   0   0   0 255
255   0 255 255 255   0 255   0 255   0   0 255 255 255   0 255
255   0 255   0 191   0   0 255   0 255   0 191   0 255   0 255
255   0 255 191 239   0 191 191 255 255   0 239 191 255   0 255
255   0   0   0   0   0   0 255 255   0   0   0   0   0   0 255
255   0   0   0 255   0   0 255 255 255 255 191   0 255   0 255
255 255   0 255 191 255   0 255 255   0 255  64   0 255   0 255
255 255 255 255   0 255 255   0 255   0 255  64   0   0 255 255
255   0 255 255 191   0 255   0   0 255 255 191 255 255 255 255
255   0   0   0   0   0 255   0 255 255   0   0   0 255 255 255
255   0 255 191 239   0 255  64   0  64   0  64  64 255 255 255
255   0 255   0 191   0   0   0 255 255 255  64 255   0 255 255
255   0 255 255 255   0   0 255   0   0   0  64 255 255   0 255
255   0   0   0   0   0   0   0   0   0 255   0 255 255 255 255
255 255 255 255 255 255 255 255 255 255 255 255 255 255 255 255

255 255 255 255 255 255 255 255 255 255 255 255 255 255 255 255
255  73  40  40  40  60 114  40 208 255 255 255 255 127 255 255
255  40 213 151 206  24 187 222 104 203 241 151   5 213 168 255
255  40 151   0 135  24  88   8   8 170   8 116 239 151 248 255
255  40 206 135 199  24 177 120 120 130  11 120 124 175  40 255
255  60  24  24  24  46 239 231 231 247  22  11 231 108 255 255
255 114  88 250 255 103 197   0   0 225 167 120 167 120 114 255
255 255 232  60 229 199 199 211 211  88 255  30 193  33  40 255
255  87 114 253 135 181 131 168  12  19  56 123   0 151  40 255
255 114 187  88 177 103 145  68 131 140 239 255  88  88 114 255
255  60  24  24  24  46 103 199 181  88  46  24  24  24  60 255
255  40 206 135 199  24 255 106   0 177  24 199 135 206  40 255
255  40 151   0 135  24  88 201 195 255  24 135   0 151  40 255
255  40 213 151 206  24  88 137 174 255  24 206 151 213  40 255
255  73  40  40  40  60 114 208 208 114  60  40  40  40  73 255
255 255 255 255 255 255 255 255 255 255 255 255 255 255 255 255
255 255 255 255 255 255 255 255 255 255 255 255 255 255 255 255
255  73  40  40  40  60 114  40 208 255 255 255 255 127 255 255
255  40 213 151 206  24 187 222 104 203 241 151   5 213 168 255
255  40 151   0 135  24  88   8   8 170   8 116 239 151 248 255
255  40 206 135 199  24 177 120 120 130  11 120 124 175  40 255
255  60  24  24  24  46 239 231 231 247  22  11 231 108 255 255
255 114  88 250 255 103 197   0   0 225 167 120 167 120 114 255
255 255 232  60 229 199 199 211 211  88 255  30 193  33  40 255
255  87 114 253 135 181 131 168  12  19  56 123   0 151  40 255
255 114 187  88 177 103 145  68 131 140 239 255  88  88 114 255
255  60  24  24  24  46 103 199 181  88  46  24  24  24  60 255
255  40 206 135 199  24 255 106   0 177  24 199 135 206  40 255
255  40 151   0 135  24  88 201 195 255  24 135   0 151  40 255
255  40 213 151 206  24  88 137 174 255  24 206 151 213  40 255
255  73  40  40  40  60 114 208 208 114  60  40  40  40  73 255
255 255 255 255 255 255 255 255 255 255 255 255 255 255 255 255
255 255 255 255 255 255 255 255 255 255 255 255 255 255 255 255
255  73  40  40  40  60 114  40 208 255 255 255 255 127 255 255
255  40 213 151 206  24 187 222 104 203 241 151   5 213 168 255
255  40 151   0 135  24  88   8   8 170   8 116 239 151 248 255
255  40 206 135 199  24 177 120 120 130  11 120 124 175  40 255
255  60  24  24  24  46 239 231 231 247  22  11 231 108 255 255
255 114  88 250 255 103 197   0   0 225 167 120 167 120 114 255
255 255 232  60 229 199 199 211 211  88 255  30 193  33  40 255
255  87 114 253 135 181 131 168  12  19  56 123   0 151  40 255
255 114 187  88 177 103 145  68 131 140 239 255  88  88 114 255
255  60  24  24  24  46 103 199 181  88  46  24  24  24  60 255
255  40 206 135 199  24 255 106   0 177  24 199 135 206  40 255
255  40 151   0 135  24  88 201 195 255  24 135   0 151  40 255
255  40 213 151 206  24  88 137 174 255  24 206 151 213  40 255
255  73  40  40  40  60 114 208 208 114  60  40  40  40  73 255
255 255 255 255 255 255 255 255 255 255 255 255 255 255 255 255

255 255 255 255 255 255 255 255 255 255 255 255 255 255 255 255
255 255 168 248  40 255 114  40  40 114  60  40  40  40  73 255
255 127 213 151 175 108 120  33 151  88  24 206 151 213  40 255
255 255   5 239 124 231 167 193   0  88  24 135   0 151  40 255
255 255 151 116 120  11 120  30 123 255  24 199 135 206  40 255
255 255 241   8  11  22 167 255  56 239  46  24  24  24  60 255
255 255 203 170 130 247 225  88  19 140  88 177 255 255 114 255
255 208 104   8 120 231   0 211  12 131 181   0 195 174 208 255
255  40 222   8 120 231   0 211 168  68 199 106 201 137 208 255
255 114 187  88 177 239 197 199 131 145 103 255  88  88 114 255
255  60  24  24  24  46 103 199 181 103  46  24  24  24  60 255
255  40 206 135 199  24 255 229 135 177  24 199 135 206  40 255
255  40 151   0 135  24 250  60 253  88  24 135   0 151  40 255
255  40 213 151 206  24  88 232 114 187  24 206 151 213  40 255
255  73  40  40  40  60 114 255  87 114  60  40  40  40  73 255
255 255 255 255 255 255 255 255 255 255 255 255 255 255 255 255
255 255 255 255 255 255 255 255 255 255 255 255 255 255 255 255
255 255 168 248  40 255 114  40  40 114  60  40  40  40  73 255
255 127 213 151 175 108 120  33 151  88  24 206 151 213  40 255
255 255   5 239 124 231 167 193   0  88  24 135   0 151  40 255
255 255 151 116 120  11 120  30 123 255  24 199 135 206  40 255
255 255 241   8  11  22 167 255  56 239  46  24  24  24  60 255
255 255 203 170 130 247 225  88  19 140  88 177 255 255 114 255
255 208 104   8 120 231   0 211  12 131 181   0 195 174 208 255
255  40 222   8 120 231   0 211 168  68 199 106 201 137 208 255
255 114 187  88 177 239 197 199 131 145 103 255  88  88 114 255
255  60  24  24  24  46 103 199 181 103  46  24  24  24  60 255
255  40 206 135 199  24 255 229 135 177  24 199 135 206  40 255
255  40 151   0 135  24 250  60 253  88  24 135   0 151  40 255
255  40 213 151 206  24  88 232 114 187  24 206 151 213  40 255
255  73  40  40  40  60 114 255  87 114  60  40  40  40  73 255
255 255 255 255 255 255 255 255 255 255 255 255 255 255 255 255
255 255 255 255 255 255 255 255 255 255 255 255 255 255 255 255
255 255 168 248  40 255 114  40  40 114  60  40  40  40  73 255
255 127 213 151 175 108 120  33 151  88  24 206 151 213  40 255
255 255   5 239 124 231 167 193   0  88  24 135   0 151  40 255
255 255 151 116 120  11 120  30 123 255  24 199 135 206  40 255
255 255 241   8  11  22 167 255  56 239  46  24  24  24  60 255
255 255 203 170 130 247 225  88  19 140  88 177 255 255 114 255
255 208 104   8 120 231   0 211  12 131 181   0 195 174 208 255
255  40 222   8 120 231   0 211 168  68 199 106 201 137 208 255
255 114 187  88 177 239 197 199 131 145 103 255  88  88 114 255
255  60  24  24  24  46 103 199 181 103  46  24  24  24  60 255
255  40 206 135 199  24 255 229 135 177  24 199 135 206  40 255
255  40 151   0 135  24 250  60 253  88  24 135   0 151  40 255
255  40 213 151 206  24  88 232 114 187  24 206 151 213  40 255
255  73  40  40  40  60 114 255  87 114  60  40  40  40  73 255
255 255 255 255 255 255 255 255 255 255 255 255 255 255 255 255

255 255 255 255 255 255 255 255 255 255 255 255 255 255 255 255
255  73  40  40  40  60 114 208 208 114  60  40  40  40  73 255
255  40 213 151 206  24 255 174 137  88  24 206 151 213  40 255
255  40 151   0 135  24 255 195 201  88  24 135   0 151  40 255
255  40 206 135 199  24 177   0 106 255  24 199 135 206  40 255
255  60  24  24  24  46  88 181 199 103  46  24  24  24  60 255
255 114  88  88 255 239 140 131  68 145 103 177  88 187 114 255
255  40 151   0 123  56  19  12 168 131 181 135 253 114  87 255
255  40  33 193  30 255  88 211 211 199 199 229  60 232 255 255
255 114 120 167 120 167 225   0   0 197 103 255 250  88 114 255
255 255 108 231  11  22 247 231 231 239  46  24  24  24  60 255
255  40 175 124 120  11 130 120 120 177  24 199 135 206  40 255
255 248 151 239 116   8 170   8   8  88  24 135   0 151  40 255
255 168 213   5 151 241 203 104 222 187  24 206 151 213  40 255
255 255 127 255 255 255 255 208  40 114  60  40  40  40  73 255
255 255 255 255 255 255 255 255 255 255 255 255 255 255 255 255
255 255 255 255 255 255 255 255 255 255 255 255 255 255 255 255
255  73  40  40  40  60 114 208 208 114  60  40  40  40  73 255
255  40 213 151 206  24 255 174 137  88  24 206 151 213  40 255
255  40 151   0 135  24 255 195 201  88  24 135   0 151  40 255
255  40 206 135 199  24 177   0 106 255  24 199 135 206  40 255
255  60  24  24  24  46  88 181 199 103  46  24  24  24  60 255
255 114  88  88 255 239 140 131  68 145 103 177  88 187 114 255
255  40 151   0 123  56  19  12 168 131 181 135 253 114  87 255
255  40  33 193  30 255  88 211 211 199 199 229  60 232 255 255
255 114 120 167 120 167 225   0   0 197 103 255 250  88 114 255
255 255 108 231  11  22 247 231 231 239  46  24  24  24  60 255
255  40 175 124 120  11 130 120 120 177  24 199 135 206  40 255
255 248 151 239 116   8 170   8   8  88  24 135   0 151  40 255
255 168 213   5 151 241 203 104 222 187  24 206 151 213  40 255
255 255 127 255 255 255 255 208  40 114  60  40  40  40  73 255
255 255 255 255 255 255 255 255 255 255 255 255 255 255 255 255
255 255 255 255 255 255 255 255 255 255 255 255 255 255 255 255
255  73  40  40  40  60 114 208 208 114  60  40  40  40  73 255
255  40 213 151 206  24 255 174 137  88  24 206 151 213  40 255
255  40 151   0 135  24 255 195 201  88  24 135   0 151  40 255
255  40 206 135 199  24 177   0 106 255  24 199 135 206  40 255
255  60  24  24  24  46  88 181 199 103  46  24  24  24  60 255
255 114  88  88 255 239 140 131  68 145 103 177  88 187 114 255
255  40 151   0 123  56  19  12 168 131 181 135 253 114  87 255
255  40  33 193  30 255  88 211 211 199 199 229  60 232 255 255
255 114 120 167 120 167 225   0   0 197 103 255 250  88 114 255
255 255 108 231  11  22 247 231 231 239  46  24  24  24  60 255
255  40 175 124 120  11 130 120 120 177  24 199 135 206  40 255
255 248 151 239 116   8 170   8   8  88  24 135   0 151  40 255
255 168 213   5 151 241 203 104 222 187  24 206 151 213  40 255
255 255 127 255 255 255 255 208  40 114  60  40  40  40  73 255
255 255 255 255 255 255 255 255 255 255 255 255 255 255 255 255
