255 255 255 255 255 255 255 255 255 255 255 255 255 255 255 255
255   0   0   0   0   0   0   0 255   0   0   0   0   0   0 255
255   0 255 255 255   0 255   0 255   0   0 255 255 255   0 255
255   0 255   0 191   0   0 255   0 255   0 191   0 255   0 255
255   0 255 191 239   0 191 191 255 255   0 239 191 255   0 255
255   0   0   0   0   0   0 255 255   0   0   0   0   0   0 255
255   0   0   0 255   0   0 255 255 255 255 191   0 255   0 255
255   0   0 255  64 255 255   0 255   0 255  64   0 255   0 255
255   0 255   0 191 255   0 255 255   0 255  64   0   0 255 255
255 255 255   0  64   0   0 255   0 255 255 191 255 255 255 255
255   0   0   0   0   0 255   0 255 255   0   0   0 255 255 255
255   0 255 191 239   0 255 191   0  64   0  64  64 255 255 255
255   0 255   0 191   0   0   0 255 255 255  64 255   0 255 255
255   0 255 255 255   0   0   0   0   0   0  64 255 255   0 255
255   0   0   0   0   0   0   0   0   0 255   0 255 255 255 255
255 255 255 255 255 255 255 255 255 255 255 255 255 255 255 255
255 255 255 255 255 255 255 255 255 255 255 255 255 255 255 255
255   0   0   0   0   0   0   0 255   0   0   0   0   0   0 255
255   0 255 255 255   0 255   0 255   0   0 255 255 255   0 255
255   0 255   0 191   0   0 255   0 255   0 191   0 255   0 255
255   0 255 191 239   0 191 191 255 255   0 239 191 255   0 255
255   0   0   0   0   0   0 255 255   0   0   0   0   0   0 255
255   0   0   0 255   0   0 255 255 255 255 191   0 255   0 255
255   0   0 255  64 255 255   0 255   0 255  64   0 255   0 255
255   0 255   0 191 255   0 255 255   0 255  64   0   0 255 255
255 255 255   0  64   0   0 255   0 255 255 191 255 255 255 255
255   0   0   0   0   0 255   0 255 255   0   0   0 255 255 255
255   0 255 191 239   0 255 191   0  64   0  64  64 255 255 255
255   0 255   0 191   0   0   0 255 255 255  64 255   0 255 255
255   0 255 255 255   0   0   0   0   0   0  64 255 255   0 255
255   0   0   0   0   0   0   0   0   0 255   0 255 255 255 255
255 255 255 255 255 255 255 255 255 255 255 255 255 255 255 255
255 255 255 255 255 255 255 255 255 255 255 255 255 255 255 255
255   0   0   0   0   0   0   0 255   0   0   0   0   0   0 255
255   0 255 255 255   0 255   0 255   0   0 255 255 255   0 255
255   0 255   0 191   0   0 255   0 255   0 191   0 255   0 255
255   0 255 191 239   0 191 191 255 255   0 239 191 255   0 255
255   0   0   0   0   0   0 255 255   0   0   0   0   0   0 255
255   0   0   0 255   0   0 255 255 255 255 191   0 255   0 255
255   0   0 255  64 255 255   0 255   0 255  64   0 255   0 255
255   0 255   0 191 255   0 255 255   0 255  64   0   0 255 255
255 255 255   0  64   0   0 255   0 255 255 191 255 255 255 255
255   0   0   0   0   0 255   0 255 255   0   0   0 255 255 255
255   0 255 191 239   0 255 191   0  64   0  64  64 255 255 255
255   0 255   0 191   0   0   0 255 255 255  64 255   0 255 255
255   0 255 255 255   0   0   0   0   0   0  64 255 255   0 255
255   0   0   0   0   0   0   0   0   0 255   0 255 255 255 255
255 255 255 255 255 255 255 255 255 255 255 255 255 255 255 255

255 255 255 255 255 255 255 255 255 255 255 255 255 255 255 255
255  73  40  40  40  60 114  40 208 255 255 255 255 127 255 255
255  40 213 151 206  24 187 222 104 203 241 151   5 213 168 255
255  40 151   0 135  24  88   8   8 170   8 116 239 151 248 255
255  40 206 135 199  24 177 120 120 130  11 120 124 175  40 255
255  60  24  24  24  46 239 186 186 247  22  11 231 108 255 255
255 114  88 250 255 103 197  19  19 225 167 120 167 120 114 255
255 255 232  60 229 199 199 243 243 105 250  56 249  23  40 255
255  87 114 253 135 181 131  87 243 236  69 162  62 104  40 255
255 114 187  88 177 103 145 167 105  88 239 255  88  88 114 255
255  60  24  24  24  46 103 181 199 103  46  24  24  24  60 255
255  40 206 135 199  24 255  93 106 166  24 199 135 206  40 255
255  40 151   0 135  24  88 195   2  88  24 135   0 151  40 255
255  40 213 151 206  24  88  23 141 187  24 206 151 213  40 255
255  73  40  40  40  60 114  40  40 255  60  40  40  40  73 255
255 255 255 255 255 255 255 255 255 255 255 255 255 255 255 255
255 255 255 255 255 255 255 255 255 255 255 255 255 255 255 255
255  73  40  40  40  60 114  40 208 255 255 255 255 127 255 255
255  40 213 151 206  24 187 222 104 203 241 151   5 213 168 255
255  40 151   0 135  24  88   8   8 170   8 116 239 151 248 255
255  40 206 135 199  24 177 120 120 130  11 120 124 175  40 255
255  60  24  24  24  46 239 186 186 247  22  11 231 108 255 255
255 114  88 250 255 103 197  19  19 225 167 120 167 120 114 255
255 255 232  60 229 199 199 243 243 105 250  56 249  23  40 255
255  87 114 253 135 181 131  87 243 236  69 162  62 104  40 255
255 114 187  88 177 103 145 167 105  88 239 255  88  88 114 255
255  60  24  24  24  46 103 181 199 103  46  24  24  24  60 255
255  40 206 135 199  24 255  93 106 166  24 199 135 206  40 255
255  40 151   0 135  24  88 195   2  88  24 135   0 151  40 255
255  40 213 151 206  24  88  23 141 187  24 206 151 213  40 255
255  73  40  40  40  60 114  40  40 255  60  40  40  40  73 255
255 255 255 255 255 255 255 255 255 255 255 255 255 255 255 255
255 255 255 255 255 255 255 255 255 255 255 255 255 255 255 255
255  73  40  40  40  60 114  40 208 255 255 255 255 127 255 255
255  40 213 151 206  24 187 222 104 203 241 151   5 213 168 255
255  40 151   0 135  24  88   8   8 170   8 116 239 151 248 255
255  40 206 135 199  24 177 120 120 130  11 120 124 175  40 255
255  60  24  24  24  46 239 186 186 247  22  11 231 108 255 255
255 114  88 250 255 103 197  19  19 225 167 120 167 120 114 255
255 255 232  60 229 199 199 243 243 105 250  56 249  23  40 255
255  87 114 253 135 181 131  87 243 236  69 162  62 104  40 255
255 114 187  88 177 103 145 167 105  88 239 255  88  88 114 255
255  60  24  24  24  46 103 181 199 103  46  24  24  24  60 255
255  40 206 135 199  24 255  93 106 166  24 199 135 206  40 255
255  40 151   0 135  24  88 195   2  88  24 135   0 151  40 255
255  40 213 151 206  24  88  23 141 187  24 206 151 213  40 255
255  73  40  40  40  60 114  40  40 255  60  40  40  40  73 255
255 255 255 255 255 255 255 255 255 255 255 255 255 255 255 255

255 255 255 255 255 255 255 255 255 255 255 255 255 255 255 255
255 255 168 248  40 255 114  40  40 114  60  40  40  40  73 255
255 127 213 151 175 108 120  23 104  88  24 206 151 213  40 255
255 255   5 239 124 231 167 249  62  88  24 135   0 151  40 255
255 255 151 116 120  11 120  56 162 255  24 199 135 206  40 255
255 255 241   8  11  22 167 250  69 239  46  24  24  24  60 255
255 255 203 170 130 247 225 105 236  88 103 166  88 187 255 255
255 208 104   8 120 186  19 243 243 105 199 106   2 141  40 255
255  40 222   8 120 186  19 243  87 167 181  93 195  23  40 255
255 114 187  88 177 239 197 199 131 145 103 255  88  88 114 255
255  60  24  24  24  46 103 199 181 103  46  24  24  24  60 255
255  40 206 135 199  24 255 229 135 177  24 199 135 206  40 255
255  40 151   0 135  24 250  60 253  88  24 135   0 151  40 255
255  40 213 151 206  24  88 232 114 187  24 206 151 213  40 255
255  73  40  40  40  60 114 255  87 114  60  40  40  40  73 255
255 255 255 255 255 255 255 255 255 255 255 255 255 255 255 255
255 255 255 255 255 255 255 255 255 255 255 255 255 255 255 255
255 255 168 248  40 255 114  40  40 114  60  40  40  40  73 255
255 127 213 151 175 108 120  23 104  88  24 206 151 213  40 255
255 255   5 239 124 231 167 249  62  88  24 135   0 151  40 255
255 255 151 116 120  11 120  56 162 255  24 199 135 206  40 255
255 255 241   8  11  22 167 250  69 239  46  24  24  24  60 255
255 255 203 170 130 247 225 105 236  88 103 166  88 187 255 255
255 208 104   8 120 186  19 243 243 105 199 106   2 141  40 255
255  40 222   8 120 186  19 243  87 167 181  93 195  23  40 255
255 114 187  88 177 239 197 199 131 145 103 255  88  88 114 255
255  60  24  24  24  46 103 199 181 103  46  24  24  24  60 255
255  40 206 135 199  24 255 229 135 177  24 199 135 206  40 255
255  40 151   0 135  24 250  60 253  88  24 135   0 151  40 255
255  40 213 151 206  24  88 232 114 187  24 206 151 213  40 255
255  73  40  40  40  60 114 255  87 114  60  40  40  40  73 255
255 255 255 255 255 255 255 255 255 255 255 255 255 255 255 255
255 255 255 255 255 255 255 255 255 255 255 255 255 255 255 255
255 255 168 248  40 255 114  40  40 114  60  40  40  40  73 255
255 127 213 151 175 108 120  23 104  88  24 206 151 213  40 255
255 255   5 239 124 231 167 249  62  88  24 135   0 151  40 255
255 255 151 116 120  11 120  56 162 255  24 199 135 206  40 255
255 255 241   8  11  22 167 250  69 239  46  24  24  24  60 255
255 255 203 170 130 247 225 105 236  88 103 166  88 187 255 255
255 208 104   8 120 186  19 243 243 105 199 106   2 141  40 255
255  40 222   8 120 186  19 243  87 167 181  93 195  23  40 255
255 114 187  88 177 239 197 199 131 145 103 255  88  88 114 255
255  60  24  24  24  46 103 199 181 103  46  24  24  24  60 255
255  40 206 135 199  24 255 229 135 177  24 199 135 206  40 255
255  40 151   0 135  24 250  60 253  88  24 135   0 151  40 255
255  40 213 151 206  24  88 232 114 187  24 206 151 213  40 255
255  73  40  40  40  60 114 255  87 114  60  40  40  40  73 255
255 255 255 255 255 255 255 255 255 255 255 255 255 255 255 255

255 255 255 255 255 255 255 255 255 255 255 255 255 255 255 255
255  73  40  40  40  60 255  40  40 114  60  40  40  40  73 255
255  40 213 151 206  24 187 141  23  88  24 206 151 213  40 255
255  40 151   0 135  24  88   2 195  88  24 135   0 151  40 255
255  40 206 135 199  24 166 106  93 255  24 199 135 206  40 255
255  60  24  24  24  46 103 199 181 103  46  24  24  24  60 255
255 114  88  88 255 239  88 105 167 145 103 177  88 187 114 255
255  40 104  62 162  69 236 243  87 131 181 135 253 114  87 255
255  40  23 249  56 250 105 243 243 199 199 229  60 232 255 255
255 114 120 167 120 167 225  19  19 197 103 255 250  88 114 255
255 255 108 231  11  22 247 186 186 239  46  24  24  24  60 255
255  40 175 124 120  11 130 120 120 177  24 199 135 206  40 255
255 248 151 239 116   8 170   8   8  88  24 135   0 151  40 255
255 168 213   5 151 241 203 104 222 187  24 206 151 213  40 255
255 255 127 255 255 255 255 208  40 114  60  40  40  40  73 255
255 255 255 255 255 255 255 255 255 255 255 255 255 255 255 255
255 255 255 255 255 255 255 255 255 255 255 255 255 255 255 255
255  73  40  40  40  60 255  40  40 114  60  40  40  40  73 255
255  40 213 151 206  24 187 141  23  88  24 206 151 213  40 255
255  40 151   0 135  24  88   2 195  88  24 135   0 151  40 255
255  40 206 135 199  24 166 106  93 255  24 199 135 206  40 255
255  60  24  24  24  46 103 199 181 103  46  24  24  24  60 255
255 114  88  88 255 239  88 105 167 145 103 177  88 187 114 255
255  40 104  62 162  69 236 243  87 131 181 135 253 114  87 255
255  40  23 249  56 250 105 243 243 199 199 229  60 232 255 255
255 114 120 167 120 167 225  19  19 197 103 255 250  88 114 255
255 255 108 231  11  22 247 186 186 239  46  24  24  24  60 255
255  40 175 124 120  11 130 120 120 177  24 199 135 206  40 255
255 248 151 239 116   8 170   8   8  88  24 135   0 151  40 255
255 168 213   5 151 241 203 104 222 187  24 206 151 213  40 255
255 255 127 255 255 255 255 208  40 114  60  40  40  40  73 255
255 255 255 255 255 255 255 255 255 255 255 255 255 255 255 255
255 255 255 255 255 255 255 255 255 255 255 255 255 255 255 255
255  73  40  40  40  60 255  40  40 114  60  40  40  40  73 255
255  40 213 151 206  24 187 141  23  88  24 206 151 213  40 255
255  40 151   0 135  24  88   2 195  88  24 135   0 151  40 255
255  40 206 135 199  24 166 106  93 255  24 199 135 206  40 255
255  60  24  24  24  46 103 199 181 103  46  24  24  24  60 255
255 114  88  88 255 239  88 105 167 145 103 177  88 187 114 255
255  40 104  62 162  69 236 243  87 131 181 135 253 114  87 255
255  40  23 249  56 250 105 243 243 199 199 229  60 232 255 255
255 114 120 167 120 167 225  19  19 197 103 255 250  88 114 255
255 255 108 231  11  22 247 186 186 239  46  24  24  24  60 255
255  40 175 124 120  11 130 120 120 177  24 199 135 206  40 255
255 248 151 239 116   8 170   8   8  88  24 135   0 151  40 255
255 168 213   5 151 241 203 104 222 187  24 206 151 213  40 255
255 255 127 255 255 255 255 208  40 114  60  40  40  40  73 255
255 255 255 255 255 255 255 255 255 255 255 255 255 255 255 255
